5 1.000000 1.000000 1.000000 1.000000 0.000000 0.000000 0.000000 0.000000
5 1.000000 1.000000 2.000000 2.000000 0.000000 0.000000 1.000000 1.000000
5 1.000000 1.000000 1.666667 1.666667 0.000000 0.000000 0.942809 0.942809
5 1.000000 1.000000 1.500000 1.500000 0.000000 0.000000 0.866025 0.866025
5 1.000000 1.000000 1.500000 1.400000 0.000000 0.000000 0.774597 0.800000
5 1.000000 1.000000 1.750000 1.666667 0.000000 0.000000 0.901388 0.942809
5 1.000000 1.000000 1.642857 1.571429 0.000000 0.000000 0.874818 0.903508
5 1.000000 1.000000 1.812500 1.500000 0.000000 0.000000 0.933324 0.866025
5 1.000000 1.000000 1.722222 1.444444 0.000000 0.000000 0.916246 0.831479
5 1.000000 1.000000 1.850000 1.400000 0.000000 0.000000 0.950000 0.800000
6 1.000000 1.000000 1.500000 1.500000 0.000000 0.000000 0.000000 0.000000
6 1.000000 1.000000 1.250000 1.250000 0.000000 0.000000 0.250000 0.250000
6 1.000000 1.000000 1.333333 1.166667 0.000000 0.000000 0.235702 0.235702
6 1.000000 1.000000 1.375000 1.250000 0.000000 0.000000 0.216506 0.250000
6 1.000000 1.000000 1.800000 1.700000 0.000000 0.000000 0.871780 0.927362
6 1.000000 1.000000 1.666667 1.583333 0.000000 0.000000 0.849837 0.885845
6 1.071429 1.071429 1.928571 1.857143 0.174964 0.174964 1.015191 1.059457
6 1.062500 1.062500 1.875000 1.812500 0.165359 0.165359 0.960143 0.998045
6 1.055556 1.055556 1.833333 1.777778 0.157135 0.157135 0.912871 0.946077
6 1.050000 1.050000 1.800000 1.750000 0.150000 0.150000 0.871780 0.901388
7 1.000000 1.000000 1.000000 1.000000 0.000000 0.000000 0.000000 0.000000
7 1.000000 1.000000 1.333333 1.333333 0.000000 0.000000 0.333333 0.333333
7 1.000000 1.000000 1.388889 1.388889 0.000000 0.000000 0.283279 0.283279
7 1.000000 1.000000 1.416667 1.416667 0.000000 0.000000 0.250000 0.250000
7 1.000000 1.000000 1.433333 1.333333 0.000000 0.000000 0.226078 0.278887
7 1.000000 1.000000 1.472222 1.388889 0.000000 0.000000 0.223952 0.283279
7 1.000000 1.000000 1.476190 1.404762 0.000000 0.000000 0.207567 0.265132
7 1.000000 1.000000 1.479167 1.354167 0.000000 0.000000 0.194320 0.281828
7 1.000000 1.000000 1.481481 1.314815 0.000000 0.000000 0.183324 0.288081
7 1.000000 1.000000 1.483333 1.283333 0.000000 0.000000 0.174005 0.289156
8 1.000000 1.000000 1.666667 1.666667 0.000000 0.000000 0.000000 0.000000
8 1.000000 1.000000 1.583333 1.333333 0.000000 0.000000 0.083333 0.333333
8 1.000000 1.000000 1.611111 1.444444 0.000000 0.000000 0.078567 0.314270
8 1.000000 1.000000 1.625000 1.500000 0.000000 0.000000 0.072169 0.288675
8 1.000000 1.000000 1.550000 1.450000 0.000000 0.000000 0.163299 0.276887
8 1.000000 1.000000 1.458333 1.375000 0.000000 0.000000 0.253448 0.303338
8 1.000000 1.000000 1.392857 1.321429 0.000000 0.000000 0.284222 0.309981
8 1.000000 1.000000 1.427083 1.364583 0.000000 0.000000 0.280864 0.311631
8 1.000000 1.000000 1.453704 1.398148 0.000000 0.000000 0.275298 0.308765
8 1.000000 1.000000 1.408333 1.358333 0.000000 0.000000 0.294510 0.316338
9 1.250000 1.250000 1.750000 1.750000 0.000000 0.000000 0.000000 0.000000
9 1.125000 1.125000 1.708333 1.708333 0.125000 0.125000 0.041667 0.041667
9 1.083333 1.083333 1.694444 1.694444 0.117851 0.117851 0.039284 0.039284
9 1.062500 1.062500 1.687500 1.687500 0.108253 0.108253 0.036084 0.036084
9 1.050000 1.050000 1.683333 1.683333 0.100000 0.100000 0.033333 0.033333
9 1.041667 1.041667 1.611111 1.611111 0.093169 0.093169 0.164336 0.164336
9 1.035714 1.035714 1.619048 1.523810 0.087482 0.087482 0.153382 0.262445
9 1.031250 1.031250 1.625000 1.541667 0.082680 0.082680 0.144338 0.250000
9 1.027778 1.027778 1.629630 1.481481 0.078567 0.078567 0.136711 0.290747
9 1.025000 1.025000 1.591667 1.458333 0.075000 0.075000 0.172603 0.284434
10 1.000000 1.000000 1.750000 1.750000 0.000000 0.000000 0.000000 0.000000
10 1.000000 1.000000 1.500000 1.375000 0.000000 0.000000 0.250000 0.375000
10 1.000000 1.000000 1.583333 1.500000 0.000000 0.000000 0.235702 0.353553
10 1.000000 1.000000 1.437500 1.375000 0.000000 0.000000 0.324760 0.375000
10 1.000000 1.000000 1.400000 1.350000 0.000000 0.000000 0.300000 0.339116
10 1.000000 1.000000 1.375000 1.333333 0.000000 0.000000 0.279508 0.311805
10 1.000000 1.000000 1.357143 1.321429 0.000000 0.000000 0.262445 0.290144
10 1.000000 1.000000 1.343750 1.281250 0.000000 0.000000 0.248039 0.291481
10 1.000000 1.000000 1.333333 1.277778 0.000000 0.000000 0.235702 0.274986
10 1.000000 1.000000 1.375000 1.325000 0.000000 0.000000 0.256174 0.296859
11 1.000000 1.000000 1.750000 1.750000 0.000000 0.000000 0.000000 0.000000
11 1.000000 1.000000 1.575000 1.575000 0.000000 0.000000 0.175000 0.175000
11 1.000000 1.000000 1.516667 1.383333 0.000000 0.000000 0.164992 0.306413
11 1.000000 1.000000 1.575000 1.475000 0.000000 0.000000 0.175000 0.309233
11 1.040000 1.040000 1.620000 1.540000 0.080000 0.080000 0.180555 0.305614
11 1.066667 1.066667 1.583333 1.450000 0.094281 0.094281 0.184089 0.343996
11 1.057143 1.057143 1.614286 1.500000 0.090351 0.090351 0.186537 0.341216
11 1.050000 1.050000 1.587500 1.487500 0.086603 0.086603 0.188331 0.320887
11 1.066667 1.044444 1.566667 1.433333 0.094281 0.083148 0.187083 0.339116
11 1.080000 1.060000 1.550000 1.430000 0.097980 0.091652 0.184391 0.321870
12 1.200000 1.200000 1.400000 1.200000 0.000000 0.000000 0.000000 0.000000
12 1.100000 1.100000 1.283333 1.183333 0.100000 0.100000 0.116667 0.016667
12 1.133333 1.133333 1.455556 1.388889 0.094281 0.094281 0.261524 0.291018
12 1.100000 1.100000 1.441667 1.291667 0.100000 0.100000 0.227761 0.303109
12 1.080000 1.080000 1.433333 1.233333 0.097980 0.097980 0.204396 0.295146
12 1.100000 1.100000 1.494444 1.327778 0.100000 0.100000 0.231274 0.342332
12 1.085714 1.085714 1.480952 1.338095 0.098974 0.098974 0.216654 0.317944
12 1.075000 1.075000 1.470833 1.345833 0.096825 0.096825 0.204422 0.298113
12 1.066667 1.066667 1.462963 1.351852 0.094281 0.094281 0.194012 0.281579
12 1.080000 1.080000 1.456667 1.316667 0.097980 0.097980 0.185023 0.287228
13 1.000000 1.000000 1.500000 1.500000 0.000000 0.000000 0.000000 0.000000
13 1.000000 1.000000 1.500000 1.500000 0.000000 0.000000 0.000000 0.000000
13 1.055556 1.055556 1.500000 1.500000 0.078567 0.078567 0.000000 0.000000
13 1.041667 1.041667 1.500000 1.500000 0.072169 0.072169 0.000000 0.000000
13 1.033333 1.033333 1.500000 1.500000 0.066667 0.066667 0.000000 0.000000
13 1.055556 1.055556 1.555556 1.555556 0.078567 0.078567 0.124226 0.124226
13 1.071429 1.071429 1.595238 1.595238 0.082479 0.082479 0.150585 0.150585
13 1.062500 1.062500 1.583333 1.583333 0.080687 0.080687 0.144338 0.144338
13 1.055556 1.055556 1.574074 1.574074 0.078567 0.078567 0.138580 0.138580
13 1.066667 1.050000 1.566667 1.516667 0.081650 0.076376 0.133333 0.216667
14 1.000000 1.000000 1.500000 1.000000 0.000000 0.000000 0.000000 0.000000
14 1.083333 1.083333 1.500000 1.250000 0.083333 0.083333 0.000000 0.250000
14 1.055556 1.055556 1.388889 1.166667 0.078567 0.078567 0.157135 0.235702
14 1.041667 1.041667 1.434524 1.267857 0.072169 0.072169 0.157373 0.269045
14 1.033333 1.033333 1.461905 1.328571 0.066667 0.066667 0.151036 0.269542
14 1.027778 1.027778 1.518254 1.407143 0.062113 0.062113 0.186778 0.302343
14 1.023810 1.023810 1.485034 1.389796 0.058321 0.058321 0.191112 0.283122
14 1.041667 1.020833 1.445238 1.341071 0.072169 0.055120 0.207471 0.294545
14 1.037037 1.018519 1.451323 1.358730 0.069290 0.052378 0.196361 0.282156
14 1.050000 1.016667 1.456190 1.372857 0.076376 0.050000 0.186856 0.271011
15 1.000000 1.000000 1.285714 1.285714 0.000000 0.000000 0.000000 0.000000
15 1.000000 1.000000 1.428571 1.428571 0.000000 0.000000 0.142857 0.142857
15 1.047619 1.047619 1.476190 1.476190 0.067344 0.067344 0.134687 0.134687
